              precision    recall  f1-score   support

           0     1.0000    1.0000    1.0000        77
           1     0.9882    1.0000    0.9941        84
           2     1.0000    0.9906    0.9953       106
           3     1.0000    1.0000    1.0000        69
           4     0.9857    1.0000    0.9928        69
           5     1.0000    1.0000    1.0000       133
           6     1.0000    1.0000    1.0000       107
           7     0.9890    0.9890    0.9890        91
           8     1.0000    1.0000    1.0000       102
           9     0.9551    1.0000    0.9770        85
          10     1.0000    1.0000    1.0000        72
          11     1.0000    1.0000    1.0000        83
          12     1.0000    1.0000    1.0000        77
          13     0.9867    1.0000    0.9933        74
          14     0.9551    0.9770    0.9659        87
          15     1.0000    0.9206    0.9587        63
          16     1.0000    1.0000    1.0000        68
          17     1.0000    1.0000    1.0000        91
          18     1.0000    0.9872    0.9935        78
          19     1.0000    0.9881    0.9940        84
          20     0.9841    0.9538    0.9688        65
          21     0.9895    1.0000    0.9947        94
          22     1.0000    1.0000    1.0000        74
          23     1.0000    1.0000    1.0000       110
          24     1.0000    1.0000    1.0000       143
          25     1.0000    1.0000    1.0000       146
          26     1.0000    1.0000    1.0000       105
          27     1.0000    1.0000    1.0000        82
          28     1.0000    1.0000    1.0000        68
          29     1.0000    0.9868    0.9934        76
          30     1.0000    0.9958    0.9979       240
          31     0.9762    0.9762    0.9762        84
          32     0.9853    1.0000    0.9926        67
          33     0.9882    1.0000    0.9941        84
          34     0.9846    1.0000    0.9922       128
          35     1.0000    1.0000    1.0000        65
          36     1.0000    1.0000    1.0000        70
          37     1.0000    1.0000    1.0000       187
          38     1.0000    1.0000    1.0000       151
          39     1.0000    0.8939    0.9440        66
          40     1.0000    1.0000    1.0000        75
          41     0.9859    1.0000    0.9929        70
          42     1.0000    1.0000    1.0000        75
          43     0.9789    1.0000    0.9894        93
          44     1.0000    1.0000    1.0000       138
          45     1.0000    1.0000    1.0000        66
          46     1.0000    1.0000    1.0000        76
          47     0.9770    1.0000    0.9884        85
          48     1.0000    0.9907    0.9953       107
          49     1.0000    1.0000    1.0000        74
          50     1.0000    1.0000    1.0000        78
          51     0.9855    0.9577    0.9714        71
          52     0.9589    0.9859    0.9722        71
          53     0.9733    1.0000    0.9865        73
          54     1.0000    1.0000    1.0000        81
          55     1.0000    1.0000    1.0000        91
          56     0.9853    0.9710    0.9781        69
          57     0.9868    0.9740    0.9804        77
          58     0.9853    1.0000    0.9926        67
          59     1.0000    1.0000    1.0000        73
          60     0.9848    1.0000    0.9924        65
          61     0.9870    1.0000    0.9935        76
          62     1.0000    1.0000    1.0000       168
          63     1.0000    1.0000    1.0000       101
          64     1.0000    1.0000    1.0000        68
          65     1.0000    0.9730    0.9863        74
          66     1.0000    1.0000    1.0000        78
          67     1.0000    1.0000    1.0000        99
          68     1.0000    1.0000    1.0000        86
          69     0.9770    1.0000    0.9884        85
          70     0.9880    1.0000    0.9939        82
          71     1.0000    0.9877    0.9938        81
          72     1.0000    1.0000    1.0000        73
          73     1.0000    0.9904    0.9952       104
          74     0.9848    0.9559    0.9701        68
          75     1.0000    0.9881    0.9940        84
          76     1.0000    0.9726    0.9861        73
          77     1.0000    1.0000    1.0000        81
          78     0.9888    1.0000    0.9944        88
          79     1.0000    1.0000    1.0000        84
          80     0.9928    1.0000    0.9964       138
          81     0.9841    0.9254    0.9538        67
          82     1.0000    1.0000    1.0000        78
          83     1.0000    0.9692    0.9844        65
          84     1.0000    1.0000    1.0000       100
          85     1.0000    1.0000    1.0000        96
          86     1.0000    0.9868    0.9934        76
          87     1.0000    0.9890    0.9945        91
          88     1.0000    1.0000    1.0000        97
          89     1.0000    0.9785    0.9891        93
          90     1.0000    0.9924    0.9962       131
          91     1.0000    1.0000    1.0000        77
          92     1.0000    1.0000    1.0000        93
          93     0.9867    1.0000    0.9933        74
          94     0.9747    1.0000    0.9872        77
          95     0.9231    0.9897    0.9552        97
          96     1.0000    1.0000    1.0000        65
          97     0.9203    1.0000    0.9585       127
          98     0.9915    0.9915    0.9915       117
          99     1.0000    1.0000    1.0000        71
         100     1.0000    1.0000    1.0000        71
         101     1.0000    0.9697    0.9846        66
         102     0.9863    0.9863    0.9863        73
         103     1.0000    1.0000    1.0000        95
         104     1.0000    1.0000    1.0000        76
         105     0.9833    0.9916    0.9874       119
         106     1.0000    1.0000    1.0000        85
         107     1.0000    1.0000    1.0000        67
         108     1.0000    1.0000    1.0000       123
         109     1.0000    1.0000    1.0000       127
         110     1.0000    1.0000    1.0000        64
         111     1.0000    1.0000    1.0000        95
         112     1.0000    1.0000    1.0000       103
         113     1.0000    0.9922    0.9961       128
         114     1.0000    1.0000    1.0000        74
         115     1.0000    1.0000    1.0000        80
         116     1.0000    0.9894    0.9947        94
         117     0.9844    1.0000    0.9921        63
         118     1.0000    0.9552    0.9771        67
         119     1.0000    1.0000    1.0000        70
         120     1.0000    1.0000    1.0000        65
         121     1.0000    0.9851    0.9925        67
         122     1.0000    1.0000    1.0000        86
         123     1.0000    1.0000    1.0000        73
         124     1.0000    1.0000    1.0000        75
         125     1.0000    0.9868    0.9934        76
         126     1.0000    1.0000    1.0000        94
         127     1.0000    1.0000    1.0000        88
         128     0.9891    1.0000    0.9945        91
         129     1.0000    1.0000    1.0000        93
         130     1.0000    1.0000    1.0000        69
         131     1.0000    1.0000    1.0000        81
         132     1.0000    1.0000    1.0000        80
         133     0.9947    0.9947    0.9947       190
         134     0.9740    1.0000    0.9868        75
         135     1.0000    0.9722    0.9859        72
         136     0.9794    1.0000    0.9896        95
         137     1.0000    1.0000    1.0000       157
         138     1.0000    0.9756    0.9877        82
         139     0.9894    1.0000    0.9947        93
         140     0.9565    1.0000    0.9778        88
         141     0.9851    1.0000    0.9925        66
         142     1.0000    1.0000    1.0000        71
         143     1.0000    1.0000    1.0000        78
         144     1.0000    1.0000    1.0000        65
         145     1.0000    1.0000    1.0000        94
         146     1.0000    1.0000    1.0000        73
         147     1.0000    1.0000    1.0000       132
         148     1.0000    1.0000    1.0000        74
         149     1.0000    1.0000    1.0000        74
         150     1.0000    1.0000    1.0000        94
         151     1.0000    1.0000    1.0000        64
         152     1.0000    1.0000    1.0000        77
         153     1.0000    1.0000    1.0000        74
         154     1.0000    0.9873    0.9936        79
         155     0.9859    1.0000    0.9929        70
         156     0.9900    1.0000    0.9950        99
         157     1.0000    1.0000    1.0000        70
         158     0.9857    0.9857    0.9857        70
         159     0.9865    0.9733    0.9799        75
         160     1.0000    1.0000    1.0000        86
         161     1.0000    1.0000    1.0000        95
         162     1.0000    1.0000    1.0000        63
         163     1.0000    1.0000    1.0000        75
         164     1.0000    1.0000    1.0000        67
         165     1.0000    1.0000    1.0000        88
         166     1.0000    1.0000    1.0000       100
         167     1.0000    0.9884    0.9942        86
         168     1.0000    1.0000    1.0000        80
         169     0.9799    1.0000    0.9898       146
         170     1.0000    1.0000    1.0000        88
         171     0.9873    0.9873    0.9873        79
         172     0.9770    0.9884    0.9827        86
         173     0.9700    1.0000    0.9848        97
         174     1.0000    1.0000    1.0000       108
         175     1.0000    1.0000    1.0000        96
         176     1.0000    0.9911    0.9955       112
         177     1.0000    1.0000    1.0000       100
         178     0.9897    1.0000    0.9948        96
         179     0.9801    1.0000    0.9900       148
         180     1.0000    0.9930    0.9965       142
         181     0.9863    1.0000    0.9931        72
         182     1.0000    1.0000    1.0000        73
         183     1.0000    1.0000    1.0000        88
         184     1.0000    0.9890    0.9945        91
         185     1.0000    1.0000    1.0000        64
         186     1.0000    1.0000    1.0000        66
         187     0.9924    1.0000    0.9962       130
         188     1.0000    1.0000    1.0000       104
         189     1.0000    0.9841    0.9920        63
         190     1.0000    1.0000    1.0000       108
         191     1.0000    0.9385    0.9683        65
         192     0.9766    0.9921    0.9843       126
         193     0.9855    1.0000    0.9927        68
         194     0.9733    1.0000    0.9865        73
         195     1.0000    1.0000    1.0000        77
         196     0.9861    1.0000    0.9930        71
         197     1.0000    1.0000    1.0000        73
         198     1.0000    1.0000    1.0000        76
         199     1.0000    1.0000    1.0000        73
         200     1.0000    1.0000    1.0000       101
         201     1.0000    1.0000    1.0000        77
         202     1.0000    1.0000    1.0000        72
         203     1.0000    1.0000    1.0000        97
         204     1.0000    1.0000    1.0000        71
         205     1.0000    0.9565    0.9778        69
         206     1.0000    0.9863    0.9931        73
         207     1.0000    0.9794    0.9896        97
         208     0.9848    0.9848    0.9848        66
         209     1.0000    1.0000    1.0000       101
         210     1.0000    0.9767    0.9882        86
         211     1.0000    1.0000    1.0000        70
         212     1.0000    0.9538    0.9764        65
         213     1.0000    0.9851    0.9925        67
         214     1.0000    1.0000    1.0000       124
         215     0.9775    1.0000    0.9886        87
         216     1.0000    1.0000    1.0000        86
         217     1.0000    1.0000    1.0000        97
         218     1.0000    0.9857    0.9928        70
         219     1.0000    1.0000    1.0000       192
         220     1.0000    1.0000    1.0000        66
         221     1.0000    0.9839    0.9919        62
         222     0.9878    1.0000    0.9939        81
         223     1.0000    1.0000    1.0000        92
         224     1.0000    1.0000    1.0000        65
         225     0.9892    1.0000    0.9946        92
         226     1.0000    1.0000    1.0000        90
         227     1.0000    1.0000    1.0000        63
         228     1.0000    1.0000    1.0000        63
         229     1.0000    1.0000    1.0000        71
         230     1.0000    1.0000    1.0000        71
         231     1.0000    1.0000    1.0000        66
         232     0.9880    1.0000    0.9939        82
         233     1.0000    1.0000    1.0000        88
         234     1.0000    1.0000    1.0000        68
         235     0.9846    1.0000    0.9922        64
         236     1.0000    1.0000    1.0000       107
         237     1.0000    1.0000    1.0000        68
         238     0.9747    0.9872    0.9809        78
         239     0.9717    1.0000    0.9856       103
         240     1.0000    1.0000    1.0000        81
         241     1.0000    0.9863    0.9931        73
         242     1.0000    1.0000    1.0000        71
         243     0.9867    1.0000    0.9933        74
         244     0.9647    0.9647    0.9647        85
         245     1.0000    1.0000    1.0000        78
         246     1.0000    1.0000    1.0000        73
         247     1.0000    1.0000    1.0000        77
         248     1.0000    0.9538    0.9764        65
         249     1.0000    1.0000    1.0000        68
         250     1.0000    1.0000    1.0000        73
         251     1.0000    1.0000    1.0000        64
         252     1.0000    1.0000    1.0000        67
         253     0.9888    1.0000    0.9944        88
         254     0.9861    1.0000    0.9930        71
         255     1.0000    1.0000    1.0000        75
         256     1.0000    1.0000    1.0000       105
         257     1.0000    1.0000    1.0000       156
         258     1.0000    0.9701    0.9848        67
         259     1.0000    0.9846    0.9922        65
         260     1.0000    1.0000    1.0000       219
         261     1.0000    0.9870    0.9935        77
         262     1.0000    1.0000    1.0000        91
         263     1.0000    0.9857    0.9928        70
         264     1.0000    1.0000    1.0000       454
         265     1.0000    1.0000    1.0000       108
         266     1.0000    1.0000    1.0000        78
         267     1.0000    1.0000    1.0000        99
         268     0.9903    1.0000    0.9951       102
         269     1.0000    0.9815    0.9907       108
         270     1.0000    0.9861    0.9930        72
         271     1.0000    1.0000    1.0000        72
         272     1.0000    0.9861    0.9930        72
         273     1.0000    1.0000    1.0000        67
         274     1.0000    1.0000    1.0000       105
         275     0.9878    1.0000    0.9939        81
         276     0.9753    1.0000    0.9875        79
         277     1.0000    0.9841    0.9920        63
         278     0.9848    0.9848    0.9848        66
         279     1.0000    0.9875    0.9937        80
         280     1.0000    1.0000    1.0000        64
         281     1.0000    1.0000    1.0000        84
         282     1.0000    1.0000    1.0000        67
         283     0.9872    1.0000    0.9935        77
         284     1.0000    0.9888    0.9944        89
         285     1.0000    1.0000    1.0000        83
         286     0.9884    0.9444    0.9659        90
         287     1.0000    1.0000    1.0000        74
         288     1.0000    0.9861    0.9930        72
         289     1.0000    0.9867    0.9933        75

    accuracy                         0.9948     25513
   macro avg     0.9949    0.9940    0.9944     25513
weighted avg     0.9949    0.9948    0.9948     25513
