              precision    recall  f1-score   support

           0     0.9620    0.9870    0.9744        77
           1     1.0000    0.9388    0.9684        49
           2     0.9438    1.0000    0.9711        84
           3     0.9714    1.0000    0.9855        34
           4     1.0000    1.0000    1.0000        60
           5     1.0000    0.9906    0.9953       106
           6     0.5773    0.9825    0.7273        57
           7     1.0000    1.0000    1.0000        52
           8     1.0000    0.9697    0.9846        33
           9     0.0000    0.0000    0.0000        28
          10     0.3802    1.0000    0.5509        46
          11     0.0000    0.0000    0.0000        25
          12     0.6087    1.0000    0.7568        56
          13     0.6269    1.0000    0.7706        42
          14     0.0000    0.0000    0.0000        33
          15     1.0000    1.0000    1.0000        69
          16     0.9577    0.9855    0.9714        69
          17     1.0000    1.0000    1.0000       133
          18     1.0000    1.0000    1.0000       107
          19     1.0000    0.9796    0.9897        49
          20     1.0000    1.0000    1.0000        46
          21     1.0000    1.0000    1.0000        32
          22     1.0000    0.9780    0.9889        91
          23     0.9545    0.8400    0.8936        50
          24     1.0000    1.0000    1.0000        26
          25     0.4818    0.8548    0.6163        62
          26     0.8824    0.9184    0.9000        49
          27     0.0000    0.0000    0.0000        29
          28     0.8537    0.9211    0.8861        38
          29     0.9750    1.0000    0.9873        39
          30     1.0000    1.0000    1.0000        60
          31     1.0000    0.1667    0.2857        36
          32     1.0000    0.8000    0.8889        25
          33     0.9574    0.9574    0.9574        47
          34     0.8707    0.9902    0.9266       102
          35     1.0000    1.0000    1.0000        31
          36     0.0000    0.0000    0.0000        25
          37     0.5519    1.0000    0.7113        85
          38     0.9667    0.8788    0.9206        33
          39     0.9259    0.5208    0.6667        48
          40     1.0000    1.0000    1.0000        33
          41     1.0000    0.7885    0.8817        52
          42     1.0000    0.9250    0.9610        40
          43     1.0000    0.9375    0.9677        32
          44     0.9744    0.9048    0.9383        42
          45     0.9474    1.0000    0.9730        72
          46     0.9245    0.9800    0.9515        50
          47     0.6897    1.0000    0.8163        60
          48     0.7981    1.0000    0.8877        83
          49     0.9773    0.9773    0.9773        44
          50     0.9868    0.9740    0.9804        77
          51     1.0000    1.0000    1.0000        37
          52     0.7027    0.9811    0.8189        53
          53     0.0000    0.0000    0.0000        32
          54     0.7604    0.9865    0.8588        74
          55     0.9667    1.0000    0.9831        29
          56     1.0000    1.0000    1.0000        46
          57     1.0000    0.3704    0.5405        27
          58     0.7131    1.0000    0.8325        87
          59     0.2890    1.0000    0.4484        63
          60     0.5000    1.0000    0.6667        68
          61     0.8269    0.9773    0.8958        44
          62     0.9355    0.7073    0.8056        41
          63     0.5413    1.0000    0.7024        59
          64     0.9891    1.0000    0.9945        91
          65     1.0000    0.1071    0.1935        28
          66     1.0000    1.0000    1.0000        48
          67     1.0000    0.9762    0.9880        42
          68     1.0000    0.0323    0.0625        31
          69     1.0000    1.0000    1.0000        30
          70     1.0000    0.9872    0.9935        78
          71     0.7297    0.9643    0.8308        84
          72     0.9394    0.9538    0.9466        65
          73     0.9495    1.0000    0.9741        94
          74     0.0000    0.0000    0.0000        26
          75     1.0000    0.8710    0.9310        31
          76     0.4405    1.0000    0.6116        74
          77     0.8720    0.9909    0.9277       110
          78     0.9286    0.3824    0.5417        34
          79     1.0000    1.0000    1.0000       143
          80     0.9487    0.9487    0.9487        39
          81     1.0000    1.0000    1.0000        33
          82     0.8750    1.0000    0.9333        49
          83     0.9932    1.0000    0.9966       146
          84     0.9722    0.8974    0.9333        39
          85     1.0000    0.8571    0.9231        49
          86     0.5053    0.9796    0.6667        49
          87     0.9074    0.9608    0.9333        51
          88     0.7568    0.6829    0.7179        41
          89     1.0000    0.9535    0.9762        43
          90     1.0000    0.9688    0.9841        32
          91     1.0000    0.5349    0.6970        43
          92     0.8824    1.0000    0.9375       105
          93     0.9661    1.0000    0.9828        57
          94     0.8438    0.9878    0.9101        82
          95     1.0000    0.9808    0.9903        52
          96     0.8333    1.0000    0.9091        55
          97     1.0000    1.0000    1.0000        26
          98     1.0000    0.7143    0.8333        28
          99     1.0000    1.0000    1.0000        29
         100     0.9315    1.0000    0.9645        68
         101     1.0000    0.9286    0.9630        28
         102     0.9620    1.0000    0.9806        76
         103     0.9767    1.0000    0.9882        42
         104     1.0000    1.0000    1.0000        26
         105     0.5340    1.0000    0.6962        55
         106     1.0000    0.8519    0.9200        27
         107     1.0000    1.0000    1.0000        40
         108     1.0000    0.9767    0.9882        43
         109     1.0000    0.9875    0.9937       240
         110     1.0000    0.9643    0.9818        84
         111     0.2839    1.0000    0.4422        67
         112     0.8261    1.0000    0.9048        38
         113     0.9655    1.0000    0.9825        84
         114     0.6809    1.0000    0.8101       128
         115     0.9848    1.0000    0.9924        65
         116     1.0000    0.0526    0.1000        38
         117     0.7273    0.4211    0.5333        57
         118     0.3286    0.9857    0.4929        70
         119     1.0000    0.9211    0.9589        38
         120     1.0000    1.0000    1.0000        43
         121     0.9200    1.0000    0.9583        46
         122     0.8182    0.9574    0.8824        47
         123     0.9034    1.0000    0.9492       187
         124     0.7400    0.8810    0.8043        42
         125     1.0000    0.1154    0.2069        26
         126     0.9934    1.0000    0.9967       151
         127     0.8769    0.8636    0.8702        66
         128     0.9412    1.0000    0.9697        32
         129     0.9180    1.0000    0.9573        56
         130     1.0000    0.9867    0.9933        75
         131     0.8028    0.9344    0.8636        61
         132     0.9189    0.9714    0.9444        70
         133     1.0000    1.0000    1.0000        75
         134     0.8762    0.9892    0.9293        93
         135     0.4690    0.9815    0.6347        54
         136     0.9556    0.9773    0.9663        44
         137     1.0000    1.0000    1.0000        48
         138     0.9856    0.9928    0.9892       138
         139     0.8095    1.0000    0.8947        51
         140     1.0000    1.0000    1.0000        43
         141     0.9762    1.0000    0.9880        41
         142     1.0000    1.0000    1.0000        66
         143     0.9649    1.0000    0.9821        55
         144     0.9870    1.0000    0.9935        76
         145     0.9250    0.7551    0.8315        49
         146     0.9551    1.0000    0.9770        85
         147     0.8974    0.9813    0.9375       107
         148     0.0000    0.0000    0.0000        25
         149     1.0000    1.0000    1.0000        41
         150     0.7400    1.0000    0.8506        74
         151     0.6063    0.9872    0.7512        78
         152     0.9853    0.9437    0.9640        71
         153     0.3568    1.0000    0.5259        71
         154     0.7586    0.8627    0.8073        51
         155     0.9524    1.0000    0.9756        40
         156     1.0000    1.0000    1.0000        73
         157     0.9419    1.0000    0.9701        81
         158     1.0000    1.0000    1.0000        91
         159     0.4437    0.9710    0.6091        69
         160     1.0000    0.9221    0.9595        77
         161     1.0000    0.6538    0.7907        26
         162     0.9444    0.8095    0.8718        42
         163     0.9167    0.9851    0.9496        67
         164     0.9355    0.7250    0.8169        40
         165     0.7228    1.0000    0.8391        73
         166     0.7927    1.0000    0.8844        65
         167     0.0000    0.0000    0.0000        27
         168     1.0000    1.0000    1.0000        42
         169     1.0000    1.0000    1.0000        76
         170     1.0000    0.9677    0.9836        31
         171     0.9882    1.0000    0.9941       168
         172     1.0000    0.9901    0.9950       101
         173     0.8395    1.0000    0.9128        68
         174     0.6893    0.9595    0.8023        74
         175     0.9872    0.9872    0.9872        78
         176     1.0000    1.0000    1.0000        99
         177     0.7800    0.9286    0.8478        42
         178     0.5294    0.9231    0.6729        39
         179     0.8413    0.9815    0.9060        54
         180     0.9885    1.0000    0.9942        86
         181     0.8586    1.0000    0.9239        85
         182     0.0000    0.0000    0.0000        28
         183     0.6557    0.9756    0.7843        82
         184     0.9796    1.0000    0.9897        48
         185     1.0000    0.9877    0.9938        81
         186     1.0000    0.0645    0.1212        31
         187     0.9474    0.9730    0.9600        37
         188     1.0000    0.8710    0.9310        31
         189     1.0000    1.0000    1.0000        73
         190     0.0000    0.0000    0.0000        26
         191     0.9512    0.9512    0.9512        41
         192     0.9143    1.0000    0.9552        32
         193     0.0000    0.0000    0.0000        42
         194     0.8947    0.3778    0.5312        45
         195     0.8595    1.0000    0.9244       104
         196     0.5431    0.9265    0.6848        68
         197     0.7333    0.9167    0.8148        60
         198     1.0000    0.5185    0.6829        27
         199     1.0000    1.0000    1.0000        84
         200     1.0000    0.0714    0.1333        28
         201     1.0000    1.0000    1.0000        59
         202     0.8256    0.9726    0.8931        73
         203     1.0000    0.6562    0.7925        32
         204     0.9828    1.0000    0.9913        57
         205     1.0000    1.0000    1.0000        27
         206     0.9744    0.9744    0.9744        39
         207     0.9529    1.0000    0.9759        81
         208     0.9583    0.9787    0.9684        47
         209     0.9263    1.0000    0.9617        88
         210     1.0000    1.0000    1.0000        84
         211     1.0000    0.5526    0.7119        38
         212     1.0000    1.0000    1.0000       138
         213     0.6214    0.9552    0.7529        67
         214     0.8652    0.9872    0.9222        78
         215     1.0000    1.0000    1.0000        52
         216     0.9792    1.0000    0.9895        47
         217     0.6957    0.9846    0.8153        65
         218     0.9804    1.0000    0.9901       100
         219     1.0000    0.4231    0.5946        26
         220     1.0000    1.0000    1.0000        96
         221     0.9024    0.9737    0.9367        76
         222     0.9400    1.0000    0.9691        47
         223     1.0000    1.0000    1.0000        58
         224     1.0000    1.0000    1.0000        48
         225     0.0000    0.0000    0.0000        25
         226     0.6984    0.8000    0.7458        55
         227     0.7031    0.9890    0.8219        91
         228     0.8814    0.9455    0.9123        55
         229     1.0000    1.0000    1.0000        97
         230     0.9200    0.5610    0.6970        41
         231     0.9167    0.9821    0.9483        56
         232     0.8438    0.9000    0.8710        30
         233     0.9891    0.9785    0.9838        93
         234     1.0000    1.0000    1.0000       131
         235     0.5942    0.9535    0.7321        43
         236     0.9747    1.0000    0.9872        77
         237     1.0000    1.0000    1.0000        93
         238     0.6727    1.0000    0.8043        74
         239     0.9130    0.4884    0.6364        43
         240     1.0000    0.9697    0.9846        33
         241     0.0000    0.0000    0.0000        31
         242     0.4412    0.9740    0.6073        77
         243     1.0000    1.0000    1.0000        45
         244     0.9836    0.9836    0.9836        61
         245     0.8846    0.7931    0.8364        29
         246     1.0000    0.2619    0.4151        42
         247     0.4752    0.9897    0.6421        97
         248     1.0000    0.8667    0.9286        30
         249     1.0000    0.1154    0.2069        26
         250     1.0000    1.0000    1.0000        25
         251     0.5203    0.9846    0.6809        65
         252     0.8889    0.4324    0.5818        37
         253     0.6914    0.9032    0.7832        62
         254     1.0000    1.0000    1.0000        36
         255     0.7560    1.0000    0.8610       127
         256     0.8654    1.0000    0.9278        45
         257     1.0000    0.9722    0.9859        36
         258     0.9915    1.0000    0.9957       117
         259     0.9767    0.9545    0.9655        44
         260     1.0000    1.0000    1.0000        51
         261     0.7978    1.0000    0.8875        71
         262     0.7634    1.0000    0.8659        71
         263     0.8767    0.9697    0.9209        66
         264     0.6140    0.9589    0.7487        73
         265     0.9406    1.0000    0.9694        95
         266     0.9583    0.7419    0.8364        31
         267     1.0000    1.0000    1.0000        76
         268     0.0000    0.0000    0.0000        29
         269     1.0000    1.0000    1.0000        61
         270     0.9245    0.9608    0.9423        51
         271     1.0000    1.0000    1.0000        56
         272     1.0000    0.3714    0.5417        35
         273     0.8931    0.9832    0.9360       119
         274     1.0000    0.9310    0.9643        29
         275     0.9531    0.9839    0.9683        62
         276     1.0000    0.3235    0.4889        34
         277     0.9884    1.0000    0.9942        85
         278     0.5641    0.9851    0.7174        67
         279     1.0000    1.0000    1.0000       123
         280     0.8750    0.5250    0.6563        40
         281     1.0000    0.3636    0.5333        33
         282     0.9845    1.0000    0.9922       127
         283     0.0000    0.0000    0.0000        33
         284     1.0000    1.0000    1.0000        64
         285     0.0000    0.0000    0.0000        26
         286     0.8051    1.0000    0.8920        95
         287     1.0000    1.0000    1.0000       103
         288     0.9592    1.0000    0.9792        47
         289     1.0000    0.0250    0.0488        40
         290     0.9783    1.0000    0.9890        45
         291     1.0000    0.1429    0.2500        35
         292     0.9769    0.9922    0.9845       128
         293     0.9667    0.9062    0.9355        32
         294     0.0000    0.0000    0.0000        35
         295     1.0000    0.9865    0.9932        74
         296     0.8081    1.0000    0.8939        80
         297     0.0000    0.0000    0.0000        31
         298     0.7209    0.9894    0.8341        94
         299     0.8873    1.0000    0.9403        63
         300     0.6981    1.0000    0.8222        37
         301     0.9623    0.7612    0.8500        67
         302     0.9167    0.2821    0.4314        39
         303     0.8824    0.8108    0.8451        37
         304     0.0000    0.0000    0.0000        24
         305     0.0000    0.0000    0.0000        24
         306     1.0000    0.2500    0.4000        32
         307     1.0000    0.8788    0.9355        33
         308     0.8302    0.9362    0.8800        47
         309     0.6071    0.9714    0.7473        70
         310     0.0000    0.0000    0.0000        25
         311     0.9730    0.9730    0.9730        37
         312     1.0000    0.9286    0.9630        56
         313     0.7671    0.9655    0.8550        58
         314     0.9697    1.0000    0.9846        32
         315     1.0000    1.0000    1.0000        65
         316     1.0000    0.9851    0.9925        67
         317     0.9615    0.9259    0.9434        27
         318     1.0000    1.0000    1.0000        31
         319     0.9487    0.9024    0.9250        41
         320     0.9451    1.0000    0.9718        86
         321     0.9481    1.0000    0.9733        73
         322     1.0000    0.6800    0.8095        25
         323     0.9868    1.0000    0.9934        75
         324     0.9643    0.8710    0.9153        31
         325     1.0000    1.0000    1.0000        42
         326     0.9740    0.9868    0.9804        76
         327     0.8000    0.1860    0.3019        43
         328     0.5238    0.9778    0.6822        45
         329     1.0000    0.4839    0.6522        31
         330     0.9434    0.9091    0.9259        55
         331     0.7581    0.9216    0.8319        51
         332     1.0000    1.0000    1.0000        54
         333     0.9655    0.9032    0.9333        31
         334     0.0000    0.0000    0.0000        35
         335     1.0000    1.0000    1.0000        25
         336     1.0000    1.0000    1.0000        33
         337     1.0000    0.8974    0.9459        39
         338     0.9895    1.0000    0.9947        94
         339     0.9362    1.0000    0.9670        88
         340     1.0000    0.9231    0.9600        26
         341     1.0000    0.1200    0.2143        25
         342     0.7538    1.0000    0.8596        49
         343     1.0000    1.0000    1.0000        54
         344     0.9259    0.9615    0.9434        52
         345     0.0000    0.0000    0.0000        27
         346     0.0000    0.0000    0.0000        25
         347     1.0000    1.0000    1.0000        25
         348     1.0000    1.0000    1.0000        91
         349     0.8571    0.5625    0.6792        32
         350     0.0000    0.0000    0.0000        24
         351     0.8273    0.9785    0.8966        93
         352     0.9643    0.8710    0.9153        31
         353     0.9565    0.6111    0.7458        36
         354     0.6327    1.0000    0.7750        31
         355     0.0000    0.0000    0.0000        38
         356     1.0000    1.0000    1.0000        32
         357     1.0000    0.1316    0.2326        38
         358     0.7778    0.1842    0.2979        38
         359     1.0000    1.0000    1.0000        27
         360     1.0000    0.1562    0.2703        32
         361     0.8333    0.7353    0.7812        34
         362     0.9459    0.9211    0.9333        38
         363     0.5750    1.0000    0.7302        46
         364     0.7692    1.0000    0.8696        50
         365     1.0000    1.0000    1.0000        69
         366     0.9759    1.0000    0.9878        81
         367     0.6235    1.0000    0.7681        53
         368     1.0000    1.0000    1.0000        80
         369     0.6122    0.9677    0.7500        31
         370     0.6622    0.9800    0.7903        50
         371     0.8793    0.9273    0.9027        55
         372     1.0000    1.0000    1.0000       190
         373     0.5859    1.0000    0.7389        75
         374     0.9859    0.9722    0.9790        72
         375     0.9135    1.0000    0.9548        95
         376     0.9231    0.9231    0.9231        52
         377     1.0000    1.0000    1.0000       157
         378     0.6090    0.9878    0.7535        82
         379     0.9500    0.8837    0.9157        43
         380     0.9524    1.0000    0.9756        60
         381     1.0000    1.0000    1.0000        45
         382     0.8571    0.8000    0.8276        60
         383     0.9216    1.0000    0.9592        47
         384     0.9750    0.9070    0.9398        43
         385     0.9490    1.0000    0.9738        93
         386     0.0000    0.0000    0.0000        34
         387     1.0000    0.9259    0.9615        27
         388     0.9072    1.0000    0.9514        88
         389     0.2560    0.9697    0.4051        66
         390     0.9861    1.0000    0.9930        71
         391     0.0000    0.0000    0.0000        32
         392     1.0000    1.0000    1.0000        34
         393     1.0000    1.0000    1.0000        78
         394     1.0000    1.0000    1.0000        65
         395     0.9592    1.0000    0.9792        94
         396     0.8276    0.6154    0.7059        39
         397     0.7579    0.9863    0.8571        73
         398     0.9851    1.0000    0.9925       132
         399     0.5103    1.0000    0.6758        74
         400     1.0000    1.0000    1.0000        74
         401     1.0000    1.0000    1.0000        94
         402     0.7170    0.9268    0.8085        41
         403     0.9412    1.0000    0.9697        64
         404     1.0000    1.0000    1.0000        77
         405     1.0000    0.9268    0.9620        41
         406     1.0000    0.6471    0.7857        34
         407     1.0000    1.0000    1.0000        48
         408     1.0000    1.0000    1.0000        74
         409     1.0000    0.9873    0.9936        79
         410     0.0000    0.0000    0.0000        26
         411     0.4861    1.0000    0.6542        70
         412     0.6306    1.0000    0.7734        99
         413     0.0000    0.0000    0.0000        30
         414     0.7609    1.0000    0.8642        70
         415     0.7586    0.9778    0.8544        45
         416     0.5750    0.9857    0.7263        70
         417     0.9512    1.0000    0.9750        39
         418     0.7500    0.5385    0.6269        39
         419     0.8696    0.9756    0.9195        41
         420     1.0000    0.7037    0.8261        27
         421     1.0000    1.0000    1.0000        26
         422     1.0000    1.0000    1.0000        54
         423     1.0000    0.6111    0.7586        36
         424     0.8800    0.8800    0.8800        75
         425     1.0000    1.0000    1.0000        86
         426     1.0000    0.0263    0.0513        38
         427     1.0000    0.1429    0.2500        28
         428     0.4700    0.9895    0.6373        95
         429     0.9268    0.8085    0.8636        47
         430     0.0000    0.0000    0.0000        26
         431     0.0000    0.0000    0.0000        26
         432     0.9091    0.9434    0.9259        53
         433     0.6905    0.9206    0.7891        63
         434     1.0000    1.0000    1.0000        75
         435     0.9722    0.7955    0.8750        44
         436     0.8333    0.6579    0.7353        38
         437     1.0000    1.0000    1.0000        35
         438     0.8649    0.9143    0.8889        35
         439     1.0000    1.0000    1.0000        67
         440     0.0000    0.0000    0.0000        39
         441     0.9888    1.0000    0.9944        88
         442     0.9697    0.9697    0.9697        33
         443     1.0000    0.8205    0.9014        39
         444     1.0000    1.0000    1.0000       100
         445     0.0000    0.0000    0.0000        26
         446     0.9231    1.0000    0.9600        36
         447     0.7589    0.9884    0.8586        86
         448     1.0000    1.0000    1.0000        53
         449     0.9839    1.0000    0.9919        61
         450     1.0000    1.0000    1.0000        80
         451     1.0000    0.1765    0.3000        34
         452     1.0000    1.0000    1.0000        25
         453     0.9474    0.9863    0.9664       146
         454     0.9348    0.9149    0.9247        47
         455     0.7000    1.0000    0.8235        35
         456     0.5417    1.0000    0.7027        52
         457     0.9670    1.0000    0.9832        88
         458     1.0000    0.1860    0.3137        43
         459     0.5766    1.0000    0.7315        79
         460     0.4886    1.0000    0.6565        86
         461     0.9750    0.9750    0.9750        40
         462     1.0000    1.0000    1.0000        32
         463     0.3266    1.0000    0.4924        97
         464     0.7719    0.9565    0.8544        46
         465     0.9817    0.9907    0.9862       108
         466     1.0000    0.6333    0.7755        30
         467     0.9828    1.0000    0.9913        57
         468     0.9355    0.7073    0.8056        41
         469     1.0000    1.0000    1.0000        96
         470     0.0000    0.0000    0.0000        28
         471     1.0000    0.1111    0.2000        54
         472     1.0000    0.9286    0.9630       112
         473     0.9901    1.0000    0.9950       100
         474     1.0000    0.8571    0.9231        42
         475     0.9897    1.0000    0.9948        96
         476     1.0000    0.1163    0.2083        43
         477     0.8970    1.0000    0.9457       148
         478     0.8758    0.9930    0.9307       142
         479     0.9730    1.0000    0.9863        72
         480     0.4966    0.9863    0.6606        73
         481     0.8447    0.9886    0.9110        88
         482     0.2614    0.9583    0.4107        48
         483     0.4894    0.8679    0.6259        53
         484     1.0000    0.1429    0.2500        28
         485     1.0000    1.0000    1.0000        44
         486     0.9524    0.6061    0.7407        33
         487     0.9785    1.0000    0.9891        91
         488     0.9762    0.9535    0.9647        43
         489     1.0000    1.0000    1.0000        34
         490     1.0000    0.5000    0.6667        36
         491     0.0000    0.0000    0.0000        26
         492     0.9792    1.0000    0.9895        47
         493     1.0000    1.0000    1.0000        32
         494     0.9167    1.0000    0.9565        55
         495     0.5263    0.9804    0.6849        51
         496     0.0000    0.0000    0.0000        27
         497     0.6812    1.0000    0.8103        47
         498     0.0000    0.0000    0.0000        26
         499     0.9744    0.9744    0.9744        39
         500     0.9545    0.7778    0.8571        27
         501     1.0000    1.0000    1.0000        53
         502     0.9811    1.0000    0.9905        52
         503     0.9818    0.9643    0.9730        56
         504     1.0000    0.9091    0.9524        33
         505     0.9412    0.9143    0.9275        35
         506     0.6222    0.8750    0.7273        32
         507     1.0000    1.0000    1.0000        53
         508     1.0000    0.9623    0.9808        53
         509     0.0000    0.0000    0.0000        33
         510     0.8889    1.0000    0.9412        64
         511     1.0000    0.6111    0.7586        36
         512     0.9792    1.0000    0.9895        47
         513     1.0000    0.0588    0.1111        34
         514     0.8846    1.0000    0.9388        46
         515     0.3716    0.9821    0.5392        56
         516     0.9688    1.0000    0.9841        31
         517     1.0000    1.0000    1.0000        32
         518     1.0000    1.0000    1.0000        32
         519     0.5843    1.0000    0.7376        52
         520     0.8519    1.0000    0.9200        46
         521     0.8767    0.9697    0.9209        66
         522     0.7222    1.0000    0.8387       130
         523     1.0000    0.3810    0.5517        42
         524     1.0000    1.0000    1.0000       104
         525     0.7625    0.9683    0.8531        63
         526     0.8060    1.0000    0.8926       108
         527     0.0000    0.0000    0.0000        26
         528     1.0000    1.0000    1.0000        36
         529     1.0000    0.0286    0.0556        35
         530     0.0000    0.0000    0.0000        32
         531     1.0000    0.0769    0.1429        39
         532     0.8154    0.8154    0.8154        65
         533     0.0000    0.0000    0.0000        30
         534     0.9919    0.9762    0.9840       126
         535     0.9455    1.0000    0.9720        52
         536     1.0000    1.0000    1.0000        33
         537     1.0000    1.0000    1.0000        43
         538     1.0000    1.0000    1.0000        68
         539     0.9400    1.0000    0.9691        47
         540     1.0000    1.0000    1.0000        62
         541     0.0000    0.0000    0.0000        25
         542     1.0000    0.9310    0.9643        29
         543     1.0000    1.0000    1.0000        29
         544     0.7647    0.7429    0.7536        35
         545     1.0000    0.7586    0.8627        29
         546     0.0000    0.0000    0.0000        30
         547     0.9286    1.0000    0.9630        39
         548     1.0000    0.4000    0.5714        25
         549     0.0000    0.0000    0.0000        36
         550     1.0000    0.4118    0.5833        34
         551     0.5294    0.9863    0.6890        73
         552     1.0000    0.8276    0.9057        29
         553     0.5392    1.0000    0.7006        55
         554     0.9574    1.0000    0.9783        45
         555     1.0000    0.8824    0.9375        34
         556     0.8679    1.0000    0.9293        46
         557     1.0000    0.7561    0.8611        41
         558     1.0000    1.0000    1.0000        40
         559     0.9000    1.0000    0.9474        45
         560     0.9383    0.9870    0.9620        77
         561     0.8980    0.8627    0.8800        51
         562     0.8313    0.9718    0.8961        71
         563     0.0000    0.0000    0.0000        26
         564     1.0000    0.9688    0.9841        32
         565     1.0000    0.8276    0.9057        29
         566     1.0000    1.0000    1.0000        45
         567     1.0000    1.0000    1.0000        54
         568     1.0000    1.0000    1.0000        73
         569     1.0000    0.0541    0.1026        37
         570     1.0000    1.0000    1.0000        62
         571     1.0000    0.6486    0.7869        37
         572     0.9500    1.0000    0.9744        76
         573     0.4506    1.0000    0.6213        73
         574     0.9778    1.0000    0.9888        44
         575     0.5130    0.9833    0.6743        60
         576     0.8947    0.9714    0.9315        35
         577     1.0000    0.6842    0.8125        38
         578     0.8750    0.9825    0.9256        57
         579     1.0000    1.0000    1.0000        53
         580     0.0000    0.0000    0.0000        29
         581     0.5789    1.0000    0.7333        55
         582     1.0000    0.3939    0.5652        33
         583     0.9574    1.0000    0.9783        45
         584     0.6918    1.0000    0.8178       101
         585     0.9390    1.0000    0.9686        77
         586     1.0000    0.0323    0.0625        31
         587     1.0000    0.8824    0.9375        34
         588     0.7321    1.0000    0.8454        41
         589     0.5902    1.0000    0.7423        72
         590     1.0000    0.0286    0.0556        35
         591     1.0000    1.0000    1.0000        97
         592     0.8571    0.4286    0.5714        42
         593     1.0000    0.0400    0.0769        25
         594     0.9444    0.3778    0.5397        45
         595     0.9808    1.0000    0.9903        51
         596     1.0000    1.0000    1.0000        71
         597     1.0000    0.3571    0.5263        28
         598     0.7455    0.9762    0.8454        42
         599     0.8333    0.8696    0.8511        69
         600     0.0000    0.0000    0.0000        34
         601     1.0000    1.0000    1.0000        51
         602     0.9048    0.9744    0.9383        39
         603     1.0000    0.9706    0.9851        34
         604     1.0000    0.9600    0.9796        25
         605     1.0000    0.9863    0.9931        73
         606     1.0000    0.9062    0.9508        32
         607     0.6667    0.0690    0.1250        29
         608     0.6111    1.0000    0.7586        55
         609     1.0000    0.9588    0.9789        97
         610     1.0000    1.0000    1.0000        42
         611     0.0000    0.0000    0.0000        27
         612     1.0000    1.0000    1.0000        44
         613     0.3385    0.9848    0.5039        66
         614     0.9333    0.3111    0.4667        45
         615     0.9583    0.5897    0.7302        39
         616     0.9767    1.0000    0.9882        42
         617     1.0000    0.4286    0.6000        28
         618     1.0000    0.0714    0.1333        42
         619     0.0000    0.0000    0.0000        25
         620     0.7319    1.0000    0.8452       101
         621     0.9630    0.9286    0.9455        28
         622     1.0000    1.0000    1.0000        29
         623     0.9211    1.0000    0.9589        35
         624     0.4839    0.7500    0.5882        60
         625     0.9524    1.0000    0.9756        40
         626     0.8824    0.6383    0.7407        47
         627     0.0000    0.0000    0.0000        31
         628     1.0000    0.1667    0.2857        30
         629     0.6028    0.9884    0.7489        86
         630     0.0000    0.0000    0.0000        26
         631     0.8868    1.0000    0.9400        47
         632     1.0000    0.2759    0.4324        29
         633     0.9730    0.7059    0.8182        51
         634     1.0000    1.0000    1.0000        38
         635     1.0000    0.0333    0.0645        30
         636     1.0000    1.0000    1.0000        28
         637     1.0000    0.0769    0.1429        26
         638     1.0000    0.9722    0.9859        36
         639     0.0000    0.0000    0.0000        28
         640     0.9600    1.0000    0.9796        24
         641     1.0000    1.0000    1.0000        29
         642     1.0000    0.4571    0.6275        35
         643     1.0000    0.3333    0.5000        30
         644     1.0000    1.0000    1.0000        26
         645     1.0000    0.0400    0.0769        25
         646     0.0000    0.0000    0.0000        27
         647     0.0000    0.0000    0.0000        29
         648     1.0000    0.8710    0.9310        31
         649     0.7692    0.6977    0.7317        43
         650     1.0000    0.9655    0.9825        29
         651     1.0000    1.0000    1.0000        36
         652     1.0000    0.9259    0.9615        27
         653     0.9375    0.6818    0.7895        44
         654     0.9853    0.9571    0.9710        70
         655     1.0000    0.9655    0.9825        29
         656     1.0000    0.0952    0.1739        42
         657     1.0000    1.0000    1.0000        39
         658     0.7031    0.8333    0.7627        54
         659     1.0000    0.8966    0.9455        29
         660     1.0000    0.9655    0.9825        29
         661     0.0000    0.0000    0.0000        42
         662     0.9796    0.9796    0.9796        49
         663     1.0000    0.4857    0.6538        35
         664     1.0000    1.0000    1.0000        25
         665     1.0000    0.0385    0.0741        26
         666     1.0000    0.8710    0.9310        31
         667     0.9787    1.0000    0.9892        46
         668     0.5729    0.8462    0.6832        65
         669     0.9487    1.0000    0.9737        37
         670     0.9000    1.0000    0.9474        45
         671     0.0000    0.0000    0.0000        27
         672     0.7895    0.5660    0.6593        53
         673     0.8222    0.8043    0.8132        46
         674     1.0000    0.9375    0.9677        32
         675     1.0000    0.9394    0.9688        33
         676     1.0000    0.9697    0.9846        33
         677     0.7188    0.6216    0.6667        37
         678     1.0000    0.9259    0.9615        27
         679     0.0000    0.0000    0.0000        26
         680     0.0000    0.0000    0.0000        29
         681     0.9111    1.0000    0.9535        41
         682     0.8594    0.9649    0.9091        57
         683     1.0000    0.9677    0.9836        31
         684     1.0000    0.2857    0.4444        28
         685     0.7593    0.8723    0.8119        47
         686     0.0000    0.0000    0.0000        25
         687     1.0000    1.0000    1.0000        36
         688     1.0000    0.8824    0.9375        34
         689     1.0000    0.3548    0.5238        31
         690     0.0000    0.0000    0.0000        29
         691     1.0000    1.0000    1.0000        34
         692     1.0000    0.7576    0.8621        33
         693     0.9487    0.8605    0.9024        43
         694     0.7595    0.8955    0.8219        67
         695     1.0000    0.3571    0.5263        28
         696     1.0000    1.0000    1.0000        47
         697     0.0000    0.0000    0.0000        26
         698     0.8769    1.0000    0.9344        57
         699     0.9044    0.9919    0.9462       124
         700     0.8182    0.8654    0.8411        52
         701     0.8413    0.9815    0.9060        54
         702     0.8136    0.8000    0.8067        60
         703     0.0000    0.0000    0.0000        28
         704     0.9767    0.9333    0.9545        45
         705     0.8824    0.4286    0.5769        35
         706     1.0000    0.9400    0.9691        50
         707     0.9167    0.3667    0.5238        30
         708     0.8298    0.9286    0.8764        42
         709     1.0000    1.0000    1.0000        45
         710     1.0000    1.0000    1.0000        56
         711     0.9655    0.9333    0.9492        30
         712     1.0000    0.9615    0.9804        26
         713     1.0000    0.2000    0.3333        35
         714     0.7565    1.0000    0.8614        87
         715     1.0000    0.9333    0.9655        30
         716     1.0000    1.0000    1.0000        25
         717     1.0000    0.8378    0.9118        37
         718     0.0000    0.0000    0.0000        41
         719     0.6316    0.9767    0.7671        86
         720     1.0000    0.9773    0.9885        44
         721     1.0000    0.7857    0.8800        42
         722     0.7348    1.0000    0.8472        97
         723     1.0000    0.5769    0.7317        26
         724     0.9388    1.0000    0.9684        46
         725     0.0000    0.0000    0.0000        33
         726     1.0000    1.0000    1.0000        33
         727     1.0000    0.9815    0.9907        54
         728     0.6265    0.9286    0.7482        56
         729     1.0000    0.7838    0.8788        37
         730     0.9375    1.0000    0.9677        45
         731     1.0000    0.1212    0.2162        33
         732     0.0000    0.0000    0.0000        36
         733     0.8974    0.9459    0.9211        37
         734     0.0000    0.0000    0.0000        26
         735     0.5000    0.3056    0.3793        36
         736     1.0000    0.6129    0.7600        31
         737     1.0000    0.8438    0.9153        32
         738     1.0000    0.4722    0.6415        36
         739     0.9200    0.9857    0.9517        70
         740     1.0000    1.0000    1.0000        47
         741     1.0000    0.0312    0.0606        32
         742     1.0000    1.0000    1.0000        46
         743     0.9000    1.0000    0.9474        45
         744     0.8056    0.9831    0.8855        59
         745     0.9667    0.7250    0.8286        40
         746     1.0000    0.9825    0.9912        57
         747     0.0000    0.0000    0.0000        27
         748     1.0000    1.0000    1.0000       192
         749     0.7111    0.9697    0.8205        66
         750     0.5679    0.9787    0.7188        47
         751     1.0000    1.0000    1.0000        38
         752     0.8000    0.8485    0.8235        33
         753     0.9070    0.9286    0.9176        42
         754     1.0000    1.0000    1.0000        49
         755     0.9500    0.9744    0.9620        39
         756     0.8243    0.9839    0.8971        62
         757     1.0000    0.8621    0.9259        29
         758     0.9600    0.6486    0.7742        37
         759     0.0000    0.0000    0.0000        27
         760     1.0000    1.0000    1.0000        41
         761     0.9877    0.9877    0.9877        81
         762     0.0000    0.0000    0.0000        26
         763     1.0000    0.6250    0.7692        32
         764     0.0000    0.0000    0.0000        25
         765     0.0000    0.0000    0.0000        29
         766     1.0000    1.0000    1.0000        26
         767     0.0000    0.0000    0.0000        25
         768     1.0000    0.0938    0.1714        32
         769     0.9200    0.7667    0.8364        30
         770     0.8167    1.0000    0.8991        49
         771     1.0000    1.0000    1.0000        31
         772     0.0000    0.0000    0.0000        25
         773     0.4527    0.9891    0.6212        92
         774     0.6667    0.7826    0.7200        46
         775     0.9848    1.0000    0.9924        65
         776     0.0000    0.0000    0.0000        30
         777     0.0000    0.0000    0.0000        31
         778     1.0000    0.0294    0.0571        34
         779     1.0000    1.0000    1.0000        57
         780     0.6026    0.9891    0.7490        92
         781     0.9184    1.0000    0.9574        45
         782     0.7119    0.9545    0.8155        44
         783     1.0000    1.0000    1.0000        42
         784     1.0000    0.9286    0.9630        28
         785     1.0000    0.2143    0.3529        28
         786     0.9833    1.0000    0.9916        59
         787     1.0000    0.2667    0.4211        30
         788     1.0000    1.0000    1.0000        39
         789     0.9783    1.0000    0.9890        90
         790     0.0000    0.0000    0.0000        26
         791     0.7722    0.9683    0.8592        63
         792     1.0000    1.0000    1.0000        63
         793     0.0000    0.0000    0.0000        36
         794     1.0000    0.0278    0.0541        36
         795     1.0000    0.0357    0.0690        28
         796     1.0000    0.2188    0.3590        32
         797     0.9744    1.0000    0.9870        38
         798     0.8696    1.0000    0.9302        40
         799     1.0000    0.8000    0.8889        25
         800     0.9362    0.9565    0.9462        46
         801     1.0000    0.1071    0.1935        28
         802     1.0000    1.0000    1.0000        31
         803     1.0000    0.9767    0.9882        43
         804     1.0000    1.0000    1.0000        41
         805     1.0000    1.0000    1.0000        71
         806     0.0000    0.0000    0.0000        26
         807     0.3636    0.1026    0.1600        39
         808     1.0000    1.0000    1.0000        32
         809     0.5676    0.5526    0.5600        38
         810     0.9459    0.9859    0.9655        71
         811     0.8222    0.9737    0.8916        38
         812     0.9545    0.5250    0.6774        40
         813     0.8116    1.0000    0.8960        56
         814     1.0000    1.0000    1.0000        42
         815     1.0000    0.9756    0.9877        41
         816     0.8571    0.8333    0.8451        36
         817     1.0000    0.9429    0.9706        35
         818     0.2922    0.9574    0.4478        47
         819     0.9643    0.9643    0.9643        28
         820     0.7333    1.0000    0.8462        66
         821     0.6250    1.0000    0.7692        55
         822     0.8000    0.1569    0.2623        51
         823     1.0000    0.9878    0.9939        82
         824     1.0000    0.2400    0.3871        25
         825     0.9394    0.5741    0.7126        54
         826     0.8889    0.9697    0.9275        33
         827     0.8276    0.7500    0.7869        32
         828     1.0000    0.6667    0.8000        36
         829     1.0000    0.9355    0.9667        31
         830     1.0000    1.0000    1.0000        37
         831     0.0000    0.0000    0.0000        28
         832     1.0000    1.0000    1.0000        62
         833     1.0000    0.1714    0.2927        35
         834     1.0000    0.2581    0.4103        31
         835     0.0000    0.0000    0.0000        24
         836     0.0000    0.0000    0.0000        34
         837     0.0000    0.0000    0.0000        25
         838     0.9318    0.8200    0.8723        50
         839     1.0000    0.8387    0.9123        31
         840     0.0000    0.0000    0.0000        27
         841     0.9362    1.0000    0.9670        88
         842     1.0000    0.8929    0.9434        28
         843     0.8519    0.5476    0.6667        42
         844     0.8780    0.9474    0.9114        38
         845     0.0000    0.0000    0.0000        26
         846     0.8824    0.3261    0.4762        46
         847     0.8913    0.8913    0.8913        46
         848     0.6104    1.0000    0.7581        47
         849     0.0000    0.0000    0.0000        28
         850     0.0000    0.0000    0.0000        28
         851     0.0000    0.0000    0.0000        28
         852     1.0000    1.0000    1.0000        30
         853     1.0000    0.8966    0.9455        29
         854     1.0000    0.5517    0.7111        29
         855     0.9556    1.0000    0.9773        43
         856     1.0000    0.9853    0.9926        68
         857     1.0000    0.6400    0.7805        25
         858     0.7544    0.9149    0.8269        47
         859     1.0000    1.0000    1.0000        49
         860     0.5522    0.9737    0.7048        38
         861     0.9500    1.0000    0.9744        38
         862     1.0000    1.0000    1.0000        26
         863     1.0000    0.0789    0.1463        38
         864     0.9825    1.0000    0.9912        56
         865     0.8571    0.3158    0.4615        38
         866     1.0000    0.9268    0.9620        41
         867     0.9846    1.0000    0.9922        64
         868     1.0000    0.9714    0.9855        35
         869     1.0000    0.9412    0.9697        34
         870     1.0000    0.2069    0.3429        29
         871     1.0000    1.0000    1.0000        29
         872     0.8770    1.0000    0.9345       107
         873     0.0000    0.0000    0.0000        24
         874     1.0000    0.1034    0.1875        29
         875     0.0000    0.0000    0.0000        28
         876     1.0000    1.0000    1.0000        60
         877     0.0000    0.0000    0.0000        26
         878     0.9310    1.0000    0.9643        27
         879     0.5965    1.0000    0.7473        68
         880     0.6311    0.9872    0.7700        78
         881     0.9009    0.9709    0.9346       103
         882     0.5197    0.9753    0.6781        81
         883     0.6981    0.6852    0.6916        54
         884     1.0000    0.9589    0.9790        73
         885     0.9623    0.9107    0.9358        56
         886     0.0000    0.0000    0.0000        31
         887     0.0000    0.0000    0.0000        33
         888     0.8095    0.9273    0.8644        55
         889     1.0000    1.0000    1.0000        49
         890     0.8696    1.0000    0.9302        40
         891     0.9245    1.0000    0.9608        49
         892     0.9792    1.0000    0.9895        47
         893     0.9859    0.9859    0.9859        71
         894     0.7397    0.9643    0.8372        56
         895     1.0000    0.9714    0.9855        35
         896     0.8718    0.5862    0.7010        58
         897     1.0000    0.5806    0.7347        31
         898     0.9688    1.0000    0.9841        31
         899     0.8353    0.9595    0.8931        74
         900     1.0000    0.9600    0.9796        25
         901     0.0000    0.0000    0.0000        25
         902     1.0000    0.3333    0.5000        33
         903     0.6364    0.6588    0.6474        85
         904     0.6190    1.0000    0.7647        78
         905     0.9000    0.3600    0.5143        25
         906     1.0000    0.2000    0.3333        25
         907     1.0000    0.9500    0.9744        40
         908     0.0000    0.0000    0.0000        26
         909     0.9661    1.0000    0.9828        57
         910     0.9545    0.6000    0.7368        35
         911     0.9375    0.9836    0.9600        61
         912     0.8202    1.0000    0.9012        73
         913     1.0000    0.0645    0.1212        31
         914     0.0000    0.0000    0.0000        25
         915     0.0000    0.0000    0.0000        27
         916     1.0000    1.0000    1.0000        77
         917     0.9474    0.4390    0.6000        41
         918     1.0000    1.0000    1.0000        30
         919     1.0000    1.0000    1.0000        58
         920     0.0000    0.0000    0.0000        25
         921     0.7349    0.9385    0.8243        65
         922     1.0000    1.0000    1.0000        48
         923     1.0000    0.9714    0.9855        35
         924     1.0000    1.0000    1.0000        55
         925     0.8276    0.5455    0.6575        44
         926     1.0000    0.9697    0.9846        33
         927     0.9000    0.5294    0.6667        34
         928     0.9556    0.9773    0.9663        44
         929     0.9836    0.9836    0.9836        61
         930     1.0000    0.9767    0.9882        43
         931     0.5974    0.9200    0.7244        50
         932     1.0000    1.0000    1.0000        26
         933     1.0000    0.9143    0.9552        35
         934     0.3780    0.9796    0.5455        49
         935     1.0000    0.7692    0.8696        26
         936     1.0000    1.0000    1.0000        31
         937     0.0000    0.0000    0.0000        29
         938     0.9722    1.0000    0.9859        35
         939     1.0000    1.0000    1.0000        68
         940     1.0000    1.0000    1.0000        30
         941     0.9481    1.0000    0.9733        73
         942     1.0000    0.2333    0.3784        30
         943     0.0000    0.0000    0.0000        29
         944     0.6139    0.9688    0.7515        64
         945     0.9437    1.0000    0.9710        67
         946     1.0000    0.5185    0.6829        27
         947     1.0000    0.8800    0.9362        25
         948     1.0000    0.8889    0.9412        27
         949     1.0000    1.0000    1.0000        30
         950     1.0000    0.4643    0.6341        28
         951     0.9286    1.0000    0.9630        39
         952     1.0000    1.0000    1.0000        37
         953     0.7895    0.3333    0.4688        45
         954     0.6822    1.0000    0.8111        88
         955     1.0000    0.3043    0.4667        46
         956     0.2869    0.9577    0.4416        71
         957     1.0000    0.8810    0.9367        42
         958     1.0000    1.0000    1.0000        25
         959     0.7179    0.9825    0.8296        57
         960     1.0000    0.7714    0.8710        35
         961     0.0000    0.0000    0.0000        33
         962     1.0000    1.0000    1.0000        40
         963     0.0000    0.0000    0.0000        30
         964     0.8721    1.0000    0.9317        75
         965     0.9242    1.0000    0.9606        61
         966     0.9412    0.2759    0.4267        58
         967     1.0000    0.9688    0.9841        32
         968     1.0000    1.0000    1.0000        27
         969     0.9677    0.6818    0.8000        44
         970     1.0000    0.9630    0.9811        27
         971     1.0000    1.0000    1.0000       105
         972     1.0000    0.9831    0.9915        59
         973     1.0000    0.9643    0.9818        28
         974     1.0000    1.0000    1.0000        36
         975     1.0000    1.0000    1.0000       156
         976     0.6792    0.6316    0.6545        57
         977     0.9848    0.9701    0.9774        67
         978     1.0000    0.9846    0.9922        65
         979     1.0000    1.0000    1.0000        51
         980     1.0000    1.0000    1.0000       219
         981     1.0000    0.9870    0.9935        77
         982     1.0000    0.6333    0.7755        30
         983     0.0000    0.0000    0.0000        25
         984     0.9891    1.0000    0.9945        91
         985     1.0000    1.0000    1.0000        32
         986     0.8571    0.1622    0.2727        37
         987     1.0000    1.0000    1.0000        35
         988     0.9655    0.8235    0.8889        34
         989     0.0000    0.0000    0.0000        25
         990     1.0000    0.9571    0.9781        70
         991     1.0000    0.9394    0.9688        33
         992     1.0000    1.0000    1.0000        40
         993     1.0000    0.8846    0.9388        26
         994     1.0000    0.4615    0.6316        26
         995     1.0000    1.0000    1.0000        34
         996     1.0000    1.0000    1.0000        36
         997     1.0000    1.0000    1.0000       454
         998     0.0000    0.0000    0.0000        26
         999     1.0000    0.8571    0.9231        28
        1000     1.0000    0.9808    0.9903        52
        1001     1.0000    1.0000    1.0000        33
        1002     0.0000    0.0000    0.0000        37
        1003     1.0000    1.0000    1.0000       108
        1004     1.0000    0.9630    0.9811        54
        1005     0.0000    0.0000    0.0000        28
        1006     0.7500    1.0000    0.8571        78
        1007     0.8148    0.6111    0.6984        36
        1008     1.0000    0.9706    0.9851        34
        1009     0.8824    0.4054    0.5556        37
        1010     1.0000    1.0000    1.0000        31
        1011     0.5000    0.9355    0.6517        31
        1012     1.0000    1.0000    1.0000        37
        1013     1.0000    1.0000    1.0000        99
        1014     0.9273    1.0000    0.9623       102
        1015     0.7600    0.4419    0.5588        43
        1016     1.0000    1.0000    1.0000        30
        1017     0.9083    0.9167    0.9124       108
        1018     1.0000    0.0312    0.0606        32
        1019     0.8261    0.4750    0.6032        40
        1020     1.0000    0.7037    0.8261        27
        1021     0.0000    0.0000    0.0000        35
        1022     0.0000    0.0000    0.0000        38
        1023     1.0000    0.9200    0.9583        25
        1024     0.5614    0.8421    0.6737        38
        1025     1.0000    0.1071    0.1935        28
        1026     1.0000    0.9861    0.9930        72
        1027     0.9722    0.9722    0.9722        36
        1028     0.0000    0.0000    0.0000        28
        1029     1.0000    0.4706    0.6400        34
        1030     0.7826    0.9474    0.8571        38
        1031     1.0000    1.0000    1.0000        29
        1032     1.0000    1.0000    1.0000        51
        1033     0.8095    0.8095    0.8095        42
        1034     1.0000    0.8519    0.9200        27
        1035     0.0000    0.0000    0.0000        32
        1036     0.0000    0.0000    0.0000        32
        1037     1.0000    0.1071    0.1935        28
        1038     1.0000    0.2821    0.4400        39
        1039     1.0000    0.7188    0.8364        32
        1040     0.7802    0.9861    0.8712        72
        1041     0.6792    1.0000    0.8090        72
        1042     0.4188    1.0000    0.5903        67
        1043     1.0000    0.6400    0.7805        25
        1044     1.0000    0.9810    0.9904       105
        1045     0.8605    0.9737    0.9136        38
        1046     1.0000    0.9706    0.9851        34
        1047     1.0000    0.7500    0.8571        28
        1048     0.7258    0.9574    0.8257        47
        1049     1.0000    0.9333    0.9655        30
        1050     1.0000    0.7778    0.8750        36
        1051     0.0000    0.0000    0.0000        25
        1052     1.0000    0.9655    0.9825        29
        1053     1.0000    1.0000    1.0000        34
        1054     0.0000    0.0000    0.0000        27
        1055     0.6111    0.3143    0.4151        35
        1056     1.0000    1.0000    1.0000        28
        1057     0.8043    0.7400    0.7708        50
        1058     0.7364    1.0000    0.8482        81
        1059     0.3532    0.9747    0.5185        79
        1060     1.0000    0.0769    0.1429        26
        1061     0.2851    1.0000    0.4437        63
        1062     0.8533    0.9697    0.9078        66
        1063     0.0000    0.0000    0.0000        27
        1064     0.9535    1.0000    0.9762        41
        1065     0.9873    0.9750    0.9811        80
        1066     0.5753    0.6885    0.6269        61
        1067     1.0000    0.0385    0.0741        26
        1068     0.6598    1.0000    0.7950        64
        1069     1.0000    1.0000    1.0000        32
        1070     1.0000    1.0000    1.0000        57
        1071     0.9375    0.7895    0.8571        38
        1072     1.0000    0.2000    0.3333        40
        1073     0.9438    1.0000    0.9711        84
        1074     0.8933    1.0000    0.9437        67
        1075     0.7568    1.0000    0.8615        56
        1076     1.0000    0.9677    0.9836        31
        1077     1.0000    0.9800    0.9899        50
        1078     1.0000    1.0000    1.0000        25
        1079     0.9375    0.4839    0.6383        31
        1080     0.7200    0.4737    0.5714        38
        1081     1.0000    0.9375    0.9677        32
        1082     1.0000    0.9375    0.9677        32
        1083     0.9412    0.4324    0.5926        37
        1084     1.0000    0.8400    0.9130        25
        1085     0.0000    0.0000    0.0000        31
        1086     1.0000    0.5152    0.6800        33
        1087     0.4595    0.9444    0.6182        36
        1088     1.0000    0.0357    0.0690        28
        1089     0.0000    0.0000    0.0000        33
        1090     0.0000    0.0000    0.0000        28
        1091     1.0000    1.0000    1.0000        42
        1092     1.0000    0.0882    0.1622        34
        1093     0.8627    0.9778    0.9167        45
        1094     1.0000    1.0000    1.0000        26
        1095     0.7143    0.8333    0.7692        30
        1096     0.0000    0.0000    0.0000        28
        1097     0.8750    0.9074    0.8909        54
        1098     0.7381    0.8158    0.7750        38
        1099     0.0000    0.0000    0.0000        29
        1100     1.0000    0.8333    0.9091        30
        1101     1.0000    0.0571    0.1081        35
        1102     0.0000    0.0000    0.0000        25
        1103     0.0000    0.0000    0.0000        31
        1104     0.6066    0.9024    0.7255        41
        1105     0.0000    0.0000    0.0000        25
        1106     0.6413    0.9833    0.7763        60
        1107     0.8519    1.0000    0.9200        46
        1108     0.0000    0.0000    0.0000        32
        1109     0.0000    0.0000    0.0000        29
        1110     1.0000    0.6111    0.7586        36
        1111     0.9762    0.9111    0.9425        45
        1112     0.0000    0.0000    0.0000        26
        1113     0.6552    0.9870    0.7876        77
        1114     1.0000    0.9630    0.9811        27
        1115     0.5806    0.9231    0.7129        39
        1116     0.9674    1.0000    0.9834        89
        1117     1.0000    1.0000    1.0000        83
        1118     0.7746    0.9016    0.8333        61
        1119     0.0000    0.0000    0.0000        25
        1120     0.0000    0.0000    0.0000        31
        1121     0.6583    0.8778    0.7524        90
        1122     0.5950    0.9730    0.7385        74
        1123     0.0000    0.0000    0.0000        28
        1124     0.7634    0.9861    0.8606        72
        1125     0.7857    0.2340    0.3607        47
        1126     0.0000    0.0000    0.0000        34
        1127     0.0000    0.0000    0.0000        32
        1128     0.9359    0.9733    0.9542        75
        1129     1.0000    0.0385    0.0741        26
        1130     0.0000    0.0000    0.0000        25
        1131     0.0000    0.0000    0.0000        31
        1132     1.0000    1.0000    1.0000        41
        1133     0.9688    1.0000    0.9841        31
        1134     1.0000    1.0000    1.0000        46
        1135     0.0000    0.0000    0.0000        26
        1136     0.9111    0.8200    0.8632        50
        1137     1.0000    0.9730    0.9863        37
        1138     0.7885    0.8913    0.8367        46
        1139     0.6582    0.9455    0.7761        55
        1140     0.8793    0.9808    0.9273        52
        1141     0.0000    0.0000    0.0000        28
        1142     0.0000    0.0000    0.0000        26
        1143     0.5500    0.9362    0.6929        47
        1144     0.9730    0.7500    0.8471        48
        1145     0.0000    0.0000    0.0000        28
        1146     1.0000    0.8000    0.8889        25
        1147     1.0000    1.0000    1.0000        35
        1148     1.0000    0.8333    0.9091        24
        1149     1.0000    0.5600    0.7179        25
        1150     0.0000    0.0000    0.0000        26
        1151     1.0000    1.0000    1.0000        40
        1152     1.0000    0.1935    0.3243        31
        1153     0.5694    1.0000    0.7257        41
        1154     1.0000    1.0000    1.0000        44
        1155     0.0000    0.0000    0.0000        25
        1156     1.0000    0.4667    0.6364        30
        1157     0.0000    0.0000    0.0000        28

    accuracy                         0.8360     58490
   macro avg     0.7924    0.7476    0.7327     58490
weighted avg     0.8276    0.8360    0.8024     58490
